Timestamp	Sample Time	AI0	AI1	AI2	AI3	AI4	AI5	AI6	AI7
07/09/2022 10:50:25.9	0.000	0.801	0.923	0.718	0.762	0.840	0.000	0.000	0.000
07/09/2022 10:50:26.8	1.000	0.864	0.840	0.771	0.786	0.796	0.000	0.000	0.000
07/09/2022 10:50:27.8	2.000	0.811	0.884	0.781	0.815	0.894	0.000	0.000	0.000
07/09/2022 10:50:28.8	3.000	0.879	0.869	0.776	0.640	0.718	0.000	0.000	0.000
07/09/2022 10:50:29.8	4.000	0.815	0.830	0.806	0.645	0.737	0.000	0.000	0.000
07/09/2022 10:50:30.8	5.000	0.942	0.820	0.732	0.640	0.967	0.000	0.000	0.000
07/09/2022 10:50:31.8	6.000	0.942	0.830	0.781	0.737	0.811	0.000	0.000	0.000
07/09/2022 10:50:32.8	7.000	0.879	0.884	0.850	0.791	0.737	0.000	0.000	0.000
07/09/2022 10:50:33.8	8.000	1.094	0.859	0.742	0.767	0.806	0.000	0.000	0.000
07/09/2022 10:50:34.8	9.000	1.304	0.874	0.742	0.767	0.796	0.000	0.000	0.000
07/09/2022 10:50:35.8	10.000	1.641	0.859	0.698	0.703	0.786	0.000	0.000	0.000
07/09/2022 10:50:36.8	11.000	2.187	0.996	0.762	0.801	0.830	0.000	0.000	0.000
07/09/2022 10:50:37.8	12.000	2.549	1.133	0.698	0.737	0.796	0.000	0.000	0.000
07/09/2022 10:50:38.8	13.000	2.783	1.294	0.708	0.801	0.874	0.000	0.000	0.000
07/09/2022 10:50:39.8	14.000	2.847	1.294	0.762	0.752	0.815	0.000	0.000	0.000
07/09/2022 10:50:40.8	15.000	2.905	1.450	0.825	0.781	0.806	0.000	0.000	0.000
07/09/2022 10:50:41.8	16.000	3.008	1.665	0.737	0.845	0.713	0.000	0.000	0.000
07/09/2022 10:50:42.8	17.000	3.027	1.724	0.718	0.889	0.889	0.000	0.000	0.000
07/09/2022 10:50:43.8	18.000	3.062	1.763	0.786	0.894	0.952	0.000	0.000	0.000
07/09/2022 10:50:44.8	19.000	2.993	2.080	0.762	0.947	0.815	0.000	0.000	0.000
07/09/2022 10:50:45.8	20.000	3.013	2.266	0.762	0.962	0.806	0.000	0.000	0.000
07/09/2022 10:50:46.8	21.000	2.856	2.422	0.776	1.035	0.957	0.000	0.000	0.000
07/09/2022 10:50:47.8	22.000	2.925	2.583	0.845	0.898	0.840	0.000	0.000	0.000
07/09/2022 10:50:48.8	23.000	2.827	2.661	0.898	1.289	0.864	0.000	0.000	0.000
07/09/2022 10:50:49.8	24.000	2.734	2.666	0.898	0.957	0.898	0.000	0.000	0.000
07/09/2022 10:50:50.8	25.000	2.764	2.783	0.913	1.230	0.850	0.000	0.000	0.000
07/09/2022 10:50:51.8	26.000	2.690	2.671	0.898	1.221	0.903	0.000	0.000	0.000
07/09/2022 10:50:52.8	27.000	2.559	2.842	1.035	1.270	0.903	0.000	0.000	0.000
07/09/2022 10:50:53.8	28.000	2.500	2.705	0.894	1.313	0.957	0.000	0.000	0.000
07/09/2022 10:50:54.8	29.000	2.402	2.905	0.991	1.357	0.947	0.000	0.000	0.000
07/09/2022 10:50:55.8	30.000	2.314	2.949	1.011	1.431	0.928	0.000	0.000	0.000
07/09/2022 10:50:56.8	31.000	2.046	2.988	1.050	1.543	1.211	0.000	0.000	0.000
07/09/2022 10:50:57.8	32.000	2.119	2.881	1.040	1.528	0.981	0.000	0.000	0.000
07/09/2022 10:50:58.8	33.000	2.100	2.949	1.035	1.416	1.094	0.000	0.000	0.000
07/09/2022 10:50:59.8	34.000	2.051	2.891	1.079	1.562	1.074	0.000	0.000	0.000
07/09/2022 10:51:00.8	35.000	1.973	2.939	1.045	1.660	1.172	0.000	0.000	0.000
07/09/2022 10:51:01.8	36.000	1.875	2.812	1.025	1.665	1.167	0.000	0.000	0.000
07/09/2022 10:51:02.8	37.000	1.870	2.876	1.104	1.704	1.216	0.000	0.000	0.000
07/09/2022 10:51:03.8	38.000	1.836	2.866	1.050	1.763	1.206	0.000	0.000	0.000
07/09/2022 10:51:04.8	39.000	1.743	2.812	1.060	1.802	1.245	0.000	0.000	0.000
07/09/2022 10:51:05.8	40.000	1.738	2.778	1.079	1.831	1.333	0.000	0.000	0.000
07/09/2022 10:51:06.8	41.000	1.577	2.671	1.060	1.816	1.353	0.000	0.000	0.000
07/09/2022 10:51:07.8	42.000	1.548	2.783	1.060	1.909	1.323	0.000	0.000	0.000
07/09/2022 10:51:08.8	43.000	1.401	2.754	0.928	1.865	1.377	0.000	0.000	0.000
07/09/2022 10:51:09.8	44.000	1.357	2.656	1.089	1.978	1.436	0.000	0.000	0.000
07/09/2022 10:51:10.8	45.000	1.484	2.593	1.040	2.017	1.367	0.000	0.000	0.000
07/09/2022 10:51:11.8	46.000	1.396	2.559	1.064	1.948	1.665	0.000	0.000	0.000
07/09/2022 10:51:12.8	47.000	1.323	2.534	0.986	2.012	1.558	0.000	0.000	0.000
07/09/2022 10:51:13.8	48.000	1.333	2.495	1.025	1.997	1.460	0.000	0.000	0.000
07/09/2022 10:51:14.8	49.000	1.357	2.471	1.025	2.002	1.592	0.000	0.000	0.000
07/09/2022 10:51:15.8	50.000	1.304	2.432	1.016	2.017	1.650	0.000	0.000	0.000
07/09/2022 10:51:16.8	51.000	1.196	2.461	1.021	2.065	1.665	0.000	0.000	0.000
07/09/2022 10:51:17.8	52.000	1.294	2.354	1.001	2.065	1.685	0.000	0.000	0.000
07/09/2022 10:51:18.8	53.000	1.270	2.246	0.972	2.002	1.753	0.000	0.000	0.000
07/09/2022 10:51:19.8	54.000	1.357	2.227	1.016	2.080	1.777	0.000	0.000	0.000
07/09/2022 10:51:20.8	55.000	1.216	2.183	0.986	2.095	1.768	0.000	0.000	0.000
07/09/2022 10:51:21.8	56.000	1.177	2.148	0.991	2.119	1.841	0.000	0.000	0.000
07/09/2022 10:51:22.8	57.000	1.118	2.251	0.947	2.056	1.821	0.000	0.000	0.000
07/09/2022 10:51:23.8	58.000	1.113	2.246	0.889	2.075	1.836	0.000	0.000	0.000
07/09/2022 10:51:24.8	59.000	1.113	2.007	0.933	2.056	1.855	0.000	0.000	0.000
07/09/2022 10:51:25.8	60.000	1.108	2.017	0.898	2.065	1.899	0.000	0.000	0.000
07/09/2022 10:51:26.8	61.000	1.074	2.046	0.879	2.222	1.865	0.000	0.000	0.000
07/09/2022 10:51:27.8	62.000	0.977	2.007	0.952	2.114	1.963	0.000	0.000	0.000
07/09/2022 10:51:28.8	63.000	1.084	1.929	0.884	2.012	1.929	0.000	0.000	0.000
07/09/2022 10:51:29.8	64.000	1.045	2.012	0.874	1.987	1.938	0.000	0.000	0.000
07/09/2022 10:51:30.8	65.000	1.055	1.831	0.884	2.031	2.021	0.000	0.000	0.000
07/09/2022 10:51:31.8	66.000	1.025	1.782	0.840	2.007	2.002	0.000	0.000	0.000
07/09/2022 10:51:32.8	67.000	0.986	1.826	0.889	2.085	1.919	0.000	0.000	0.000
07/09/2022 10:51:33.8	68.000	1.006	1.704	0.845	1.792	2.046	0.000	0.000	0.000
07/09/2022 10:51:34.8	69.000	1.001	1.694	0.825	1.938	1.934	0.000	0.000	0.000
07/09/2022 10:51:35.8	70.000	1.011	1.592	0.825	1.963	2.017	0.000	0.000	0.000
07/09/2022 10:51:36.8	71.000	0.947	1.670	0.801	1.924	2.026	0.000	0.000	0.000
07/09/2022 10:51:37.8	72.000	0.977	1.572	0.796	2.041	2.031	0.000	0.000	0.000
07/09/2022 10:51:38.8	73.000	0.962	1.558	0.776	1.909	2.036	0.000	0.000	0.000
07/09/2022 10:51:39.8	74.000	0.913	1.606	0.771	1.860	2.031	0.000	0.000	0.000
07/09/2022 10:51:40.8	75.000	0.830	1.753	0.732	1.953	2.036	0.000	0.000	0.000
07/09/2022 10:51:41.8	76.000	0.937	1.562	0.845	1.895	1.982	0.000	0.000	0.000
07/09/2022 10:51:42.8	77.000	0.923	1.494	0.732	1.846	2.041	0.000	0.000	0.000
07/09/2022 10:51:43.8	78.000	0.845	1.504	0.781	1.802	2.002	0.000	0.000	0.000
07/09/2022 10:51:44.8	79.000	0.815	1.577	0.806	1.782	1.982	0.000	0.000	0.000
07/09/2022 10:51:45.8	80.000	0.923	1.353	0.737	1.807	1.968	0.000	0.000	0.000
07/09/2022 10:51:46.8	81.000	0.903	1.411	0.767	1.709	2.002	0.000	0.000	0.000
07/09/2022 10:51:47.8	82.000	0.942	1.348	0.688	1.812	2.061	0.000	0.000	0.000
07/09/2022 10:51:48.8	83.000	0.967	1.504	0.747	1.748	1.934	0.000	0.000	0.000
07/09/2022 10:51:49.8	84.000	0.869	1.470	0.771	1.729	2.012	0.000	0.000	0.000
07/09/2022 10:51:50.8	85.000	0.869	1.348	0.786	1.875	1.807	0.000	0.000	0.000
07/09/2022 10:51:51.8	86.000	0.923	1.294	0.786	1.665	1.978	0.000	0.000	0.000
07/09/2022 10:51:52.8	87.000	0.869	1.182	0.781	1.602	1.982	0.000	0.000	0.000
07/09/2022 10:51:53.8	88.000	0.913	1.240	0.791	1.626	1.880	0.000	0.000	0.000
07/09/2022 10:51:54.8	89.000	0.825	1.206	0.757	1.729	1.938	0.000	0.000	0.000
07/09/2022 10:51:55.8	90.000	0.737	1.104	0.801	1.567	1.904	0.000	0.000	0.000
07/09/2022 10:51:56.8	91.000	0.859	1.216	0.747	1.597	1.924	0.000	0.000	0.000
07/09/2022 10:51:57.8	92.000	0.811	1.196	0.801	1.641	1.899	0.000	0.000	0.000
07/09/2022 10:51:58.8	93.000	0.830	1.074	0.732	1.392	1.846	0.000	0.000	0.000
07/09/2022 10:51:59.8	94.000	0.840	1.152	0.771	1.465	1.851	0.000	0.000	0.000
07/09/2022 10:52:00.8	95.000	0.854	1.099	0.737	1.616	1.904	0.000	0.000	0.000
07/09/2022 10:52:01.8	96.000	0.757	1.196	0.708	1.577	1.880	0.000	0.000	0.000
07/09/2022 10:52:02.8	97.000	0.845	0.996	0.732	1.484	1.665	0.000	0.000	0.000
07/09/2022 10:52:03.8	98.000	0.845	1.138	0.757	1.445	1.821	0.000	0.000	0.000
07/09/2022 10:52:04.8	99.000	0.884	1.104	0.742	1.558	1.719	0.000	0.000	0.000
07/09/2022 10:52:05.8	100.000	0.859	1.084	0.796	1.230	1.777	0.000	0.000	0.000
07/09/2022 10:52:06.8	101.000	0.864	1.113	0.605	1.343	1.763	0.000	0.000	0.000
07/09/2022 10:52:07.8	102.000	0.854	1.177	0.679	1.548	1.758	0.000	0.000	0.000
07/09/2022 10:52:08.8	103.000	0.874	1.094	0.781	1.328	1.821	0.000	0.000	0.000
07/09/2022 10:52:09.8	104.000	0.815	0.898	0.850	1.348	1.729	0.000	0.000	0.000
07/09/2022 10:52:10.8	105.000	0.703	1.030	0.747	1.313	1.694	0.000	0.000	0.000
07/09/2022 10:52:11.8	106.000	0.859	1.001	0.771	1.313	1.709	0.000	0.000	0.000
07/09/2022 10:52:12.8	107.000	0.654	1.006	0.786	1.309	1.660	0.000	0.000	0.000
07/09/2022 10:52:13.8	108.000	0.854	1.147	0.723	1.313	1.597	0.000	0.000	0.000
07/09/2022 10:52:14.8	109.000	0.771	1.016	0.752	1.323	1.626	0.000	0.000	0.000
07/09/2022 10:52:15.8	110.000	0.791	1.025	0.776	1.294	1.655	0.000	0.000	0.000
07/09/2022 10:52:16.8	111.000	0.825	0.962	0.718	1.294	1.558	0.000	0.000	0.000
07/09/2022 10:52:17.8	112.000	0.815	0.962	0.640	1.226	1.562	0.000	0.000	0.000
07/09/2022 10:52:18.8	113.000	0.825	0.981	0.732	1.260	1.558	0.000	0.000	0.000
07/09/2022 10:52:19.8	114.000	0.825	0.898	0.986	1.162	1.548	0.000	0.000	0.000
07/09/2022 10:52:20.8	115.000	0.801	0.928	0.762	1.089	1.470	0.000	0.000	0.000
07/09/2022 10:52:21.8	116.000	0.820	0.967	0.757	1.338	1.504	0.000	0.000	0.000
07/09/2022 10:52:22.8	117.000	0.820	0.991	0.747	1.211	1.548	0.000	0.000	0.000
07/09/2022 10:52:23.8	118.000	0.815	0.903	0.840	1.201	1.533	0.000	0.000	0.000
07/09/2022 10:52:24.8	119.000	0.879	0.942	0.757	1.406	1.504	0.000	0.000	0.000
07/09/2022 10:52:25.8	120.000	0.840	0.986	0.747	1.274	1.499	0.000	0.000	0.000
07/09/2022 10:52:26.8	121.000	0.977	0.918	0.786	1.113	1.470	0.000	0.000	0.000
07/09/2022 10:52:27.8	122.000	0.791	0.947	0.786	1.074	1.426	0.000	0.000	0.000
07/09/2022 10:52:28.8	123.000	0.820	0.937	0.757	1.025	1.440	0.000	0.000	0.000
07/09/2022 10:52:29.8	124.000	0.825	0.913	0.747	1.099	1.519	0.000	0.000	0.000
07/09/2022 10:52:30.8	125.000	0.801	0.923	0.718	1.001	1.372	0.000	0.000	0.000
07/09/2022 10:52:31.8	126.000	0.874	0.864	0.776	1.055	1.382	0.000	0.000	0.000
07/09/2022 10:52:32.8	127.000	0.937	0.918	0.757	0.996	1.392	0.000	0.000	0.000
07/09/2022 10:52:33.8	128.000	0.708	0.918	0.723	1.328	1.382	0.000	0.000	0.000
07/09/2022 10:52:34.8	129.000	0.820	0.830	0.771	1.025	1.313	0.000	0.000	0.000
07/09/2022 10:52:35.8	130.000	0.830	0.937	0.757	1.035	1.387	0.000	0.000	0.000
07/09/2022 10:52:36.8	131.000	0.820	0.874	0.742	1.084	1.343	0.000	0.000	0.000
07/09/2022 10:52:37.8	132.000	0.869	1.001	0.767	1.006	1.313	0.000	0.000	0.000
07/09/2022 10:52:38.8	133.000	0.781	0.801	0.742	1.030	1.274	0.000	0.000	0.000
07/09/2022 10:52:39.8	134.000	0.825	0.894	0.776	0.947	1.284	0.000	0.000	0.000
07/09/2022 10:52:40.8	135.000	0.811	0.923	0.771	1.040	1.362	0.000	0.000	0.000
07/09/2022 10:52:41.8	136.000	0.806	0.894	0.723	1.021	1.226	0.000	0.000	0.000
07/09/2022 10:52:42.8	137.000	0.811	0.815	0.762	0.874	1.250	0.000	0.000	0.000
07/09/2022 10:52:43.8	138.000	0.820	0.884	0.752	0.967	1.216	0.000	0.000	0.000
07/09/2022 10:52:44.8	139.000	0.850	1.006	0.771	0.962	1.196	0.000	0.000	0.000
07/09/2022 10:52:45.8	140.000	0.693	0.835	0.708	0.942	1.172	0.000	0.000	0.000
07/09/2022 10:52:46.8	141.000	0.820	0.889	0.698	0.928	1.245	0.000	0.000	0.000
07/09/2022 10:52:47.8	142.000	0.820	0.898	0.742	0.913	1.284	0.000	0.000	0.000
07/09/2022 10:52:48.8	143.000	0.815	0.923	0.752	0.942	1.235	0.000	0.000	0.000
07/09/2022 10:52:49.8	144.000	0.923	0.894	0.781	0.923	1.201	0.000	0.000	0.000
07/09/2022 10:52:50.8	145.000	0.854	0.830	0.791	1.021	1.025	0.000	0.000	0.000
07/09/2022 10:52:51.8	146.000	0.854	0.854	0.796	1.011	1.162	0.000	0.000	0.000
07/09/2022 10:52:52.8	147.000	0.762	0.723	0.757	0.913	0.977	0.000	0.000	0.000
07/09/2022 10:52:53.8	148.000	0.718	1.060	0.718	0.903	1.128	0.000	0.000	0.000
07/09/2022 10:52:54.8	149.000	0.767	0.811	0.757	0.771	0.977	0.000	0.000	0.000
07/09/2022 10:52:55.8	150.000	0.718	0.776	0.840	0.815	1.055	0.000	0.000	0.000
07/09/2022 10:52:56.8	151.000	1.001	0.903	0.747	0.923	1.240	0.000	0.000	0.000
07/09/2022 10:52:57.8	152.000	0.679	0.815	0.791	0.913	0.962	0.000	0.000	0.000
07/09/2022 10:52:58.8	153.000	0.815	0.894	0.801	0.840	1.055	0.000	0.000	0.000
07/09/2022 10:52:59.8	154.000	0.850	0.942	0.664	0.684	1.069	0.000	0.000	0.000
07/09/2022 10:53:00.8	155.000	0.854	0.962	0.801	0.835	1.055	0.000	0.000	0.000
07/09/2022 10:53:01.8	156.000	0.933	0.811	0.737	0.830	1.021	0.000	0.000	0.000
07/09/2022 10:53:02.8	157.000	0.801	0.908	0.801	0.801	1.084	0.000	0.000	0.000
07/09/2022 10:53:03.8	158.000	0.830	0.869	0.742	0.845	1.118	0.000	0.000	0.000
07/09/2022 10:53:04.8	159.000	0.928	0.903	0.796	0.898	0.986	0.000	0.000	0.000
07/09/2022 10:53:05.8	160.000	0.845	0.894	0.752	0.815	1.006	0.000	0.000	0.000
07/09/2022 10:53:06.8	161.000	0.776	0.859	0.664	0.845	1.060	0.000	0.000	0.000
07/09/2022 10:53:07.8	162.000	0.801	0.762	0.767	0.859	1.035	0.000	0.000	0.000
07/09/2022 10:53:08.8	163.000	0.771	1.035	0.732	0.850	1.006	0.000	0.000	0.000
07/09/2022 10:53:09.8	164.000	0.820	0.869	0.835	0.850	0.981	0.000	0.000	0.000
07/09/2022 10:53:10.8	165.000	0.815	0.840	0.728	0.859	0.986	0.000	0.000	0.000
07/09/2022 10:53:11.8	166.000	0.732	0.908	0.674	0.928	1.133	0.000	0.000	0.000
07/09/2022 10:53:12.8	167.000	0.815	0.840	0.732	0.776	1.001	0.000	0.000	0.000
07/09/2022 10:53:13.8	168.000	0.806	0.820	0.732	0.874	0.981	0.000	0.000	0.000
07/09/2022 10:53:14.8	169.000	0.791	0.879	0.767	0.869	1.030	0.000	0.000	0.000
07/09/2022 10:53:15.8	170.000	0.806	0.801	0.703	0.801	0.977	0.000	0.000	0.000
07/09/2022 10:53:16.8	171.000	0.845	0.840	0.771	0.889	0.918	0.000	0.000	0.000
07/09/2022 10:53:17.8	172.000	0.913	0.879	0.723	0.796	0.962	0.000	0.000	0.000
07/09/2022 10:53:18.8	173.000	0.791	0.820	0.757	0.898	0.928	0.000	0.000	0.000
07/09/2022 10:53:19.8	174.000	0.874	0.859	0.757	0.972	0.937	0.000	0.000	0.000
07/09/2022 10:53:20.8	175.000	0.752	0.879	0.762	0.811	0.845	0.000	0.000	0.000
07/09/2022 10:53:21.8	176.000	0.806	0.640	0.737	0.874	0.996	0.000	0.000	0.000
07/09/2022 10:53:22.8	177.000	0.771	0.850	0.747	0.815	0.933	0.000	0.000	0.000
07/09/2022 10:53:23.8	178.000	0.835	0.898	0.737	0.649	0.913	0.000	0.000	0.000
07/09/2022 10:53:24.8	179.000	0.859	0.835	0.723	0.762	0.923	0.000	0.000	0.000
07/09/2022 10:53:25.8	180.000	0.889	0.859	0.718	0.776	0.801	0.000	0.000	0.000
07/09/2022 10:53:26.8	181.000	0.781	0.806	0.742	0.732	0.894	0.000	0.000	0.000
07/09/2022 10:53:27.8	182.000	0.679	0.879	0.684	0.806	0.850	0.000	0.000	0.000
07/09/2022 10:53:28.8	183.000	0.825	0.786	0.801	0.776	0.889	0.000	0.000	0.000
07/09/2022 10:53:29.8	184.000	0.708	0.796	0.776	0.781	0.918	0.000	0.000	0.000
07/09/2022 10:53:30.8	185.000	1.030	0.850	0.767	0.703	0.762	0.000	0.000	0.000
07/09/2022 10:53:31.8	186.000	0.684	0.864	0.693	0.762	0.884	0.000	0.000	0.000
07/09/2022 10:53:32.8	187.000	0.776	0.952	0.752	0.698	0.845	0.000	0.000	0.000
07/09/2022 10:53:33.8	188.000	0.728	0.830	0.728	0.815	0.933	0.000	0.000	0.000
07/09/2022 10:53:34.8	189.000	0.933	0.791	0.752	0.771	0.869	0.000	0.000	0.000
07/09/2022 10:53:35.8	190.000	0.664	0.859	0.767	0.728	0.854	0.000	0.000	0.000
07/09/2022 10:53:36.8	191.000	0.801	0.801	0.835	0.791	0.923	0.000	0.000	0.000
07/09/2022 10:53:37.8	192.000	0.684	0.991	0.757	0.776	0.850	0.000	0.000	0.000
07/09/2022 10:53:38.8	193.000	0.864	0.840	0.737	0.796	0.854	0.000	0.000	0.000
07/09/2022 10:53:39.8	194.000	0.791	0.879	0.688	0.713	0.986	0.000	0.000	0.000
07/09/2022 10:53:40.8	195.000	0.923	0.796	0.781	0.781	0.815	0.000	0.000	0.000
07/09/2022 10:53:41.8	196.000	0.884	0.864	0.757	0.825	0.859	0.000	0.000	0.000
07/09/2022 10:53:42.8	197.000	0.815	0.869	0.771	0.791	0.737	0.000	0.000	0.000
07/09/2022 10:53:43.8	198.000	0.801	0.864	0.894	0.815	0.986	0.000	0.000	0.000
07/09/2022 10:53:44.8	199.000	0.962	0.820	0.737	0.820	0.737	0.000	0.000	0.000
07/09/2022 10:53:45.8	200.000	0.820	0.815	0.908	0.811	0.854	0.000	0.000	0.000
07/09/2022 10:53:46.8	201.000	0.742	0.815	0.781	0.791	0.830	0.000	0.000	0.000
07/09/2022 10:53:47.8	202.000	0.737	1.006	0.723	0.786	0.972	0.000	0.000	0.000
07/09/2022 10:53:48.8	203.000	0.850	0.825	0.854	0.781	0.840	0.000	0.000	0.000
07/09/2022 10:53:49.8	204.000	0.854	0.889	0.747	0.757	0.879	0.000	0.000	0.000
07/09/2022 10:53:50.8	205.000	0.918	0.776	0.742	0.781	0.918	0.000	0.000	0.000
07/09/2022 10:53:51.8	206.000	0.854	0.850	0.757	0.757	0.850	0.000	0.000	0.000
07/09/2022 10:53:52.8	207.000	0.771	0.820	0.776	0.796	0.957	0.000	0.000	0.000
07/09/2022 10:53:53.8	208.000	0.884	0.879	0.815	0.786	0.981	0.000	0.000	0.000
07/09/2022 10:53:54.8	209.000	0.874	0.864	0.718	0.771	0.762	0.000	0.000	0.000
07/09/2022 10:53:55.8	210.000	0.825	0.757	0.801	0.737	0.806	0.000	0.000	0.000
07/09/2022 10:53:56.8	211.000	0.942	0.952	0.767	0.801	0.874	0.000	0.000	0.000
07/09/2022 10:53:57.8	212.000	0.820	0.830	0.757	0.771	0.806	0.000	0.000	0.000
07/09/2022 10:53:58.8	213.000	0.806	0.977	0.767	0.762	0.732	0.000	0.000	0.000
07/09/2022 10:53:59.8	214.000	0.791	0.859	0.703	0.762	0.840	0.000	0.000	0.000
07/09/2022 10:54:00.8	215.000	0.771	0.835	0.674	0.728	0.854	0.000	0.000	0.000
07/09/2022 10:54:01.8	216.000	0.820	0.806	0.771	0.786	0.679	0.000	0.000	0.000
07/09/2022 10:54:02.8	217.000	0.879	0.767	0.776	0.801	0.791	0.000	0.000	0.000
07/09/2022 10:54:03.8	218.000	0.791	0.811	0.698	0.771	0.869	0.000	0.000	0.000
07/09/2022 10:54:04.8	219.000	0.835	0.820	0.737	0.879	0.718	0.000	0.000	0.000
07/09/2022 10:54:05.8	220.000	0.806	0.840	0.742	0.771	0.806	0.000	0.000	0.000
07/09/2022 10:54:06.8	221.000	0.859	0.845	0.781	0.742	0.845	0.000	0.000	0.000
07/09/2022 10:54:07.8	222.000	0.859	0.859	0.771	0.723	0.806	0.000	0.000	0.000
07/09/2022 10:54:08.8	223.000	0.801	0.801	0.786	0.776	0.913	0.000	0.000	0.000
07/09/2022 10:54:09.8	224.000	0.840	0.825	0.723	0.781	0.820	0.000	0.000	0.000
07/09/2022 10:54:10.8	225.000	0.771	0.889	0.815	0.737	0.825	0.000	0.000	0.000
07/09/2022 10:54:11.8	226.000	0.815	0.933	0.874	0.801	0.845	0.000	0.000	0.000
07/09/2022 10:54:12.8	227.000	0.835	0.791	0.796	0.840	0.884	0.000	0.000	0.000
07/09/2022 10:54:13.8	228.000	0.854	0.908	0.757	0.747	0.801	0.000	0.000	0.000
07/09/2022 10:54:14.8	229.000	0.845	0.771	0.791	0.830	0.854	0.000	0.000	0.000
07/09/2022 10:54:15.8	230.000	0.879	0.908	0.820	0.776	0.830	0.000	0.000	0.000
07/09/2022 10:54:16.8	231.000	0.864	0.801	0.791	0.767	0.850	0.000	0.000	0.000
07/09/2022 10:54:17.8	232.000	0.840	0.693	0.747	0.723	0.854	0.000	0.000	0.000
07/09/2022 10:54:18.8	233.000	0.928	0.830	0.747	0.796	0.845	0.000	0.000	0.000
07/09/2022 10:54:19.8	234.000	0.806	0.859	0.757	0.776	0.879	0.000	0.000	0.000
07/09/2022 10:54:20.8	235.000	0.815	0.918	0.742	0.801	0.752	0.000	0.000	0.000
07/09/2022 10:54:21.8	236.000	0.801	0.806	0.728	0.752	0.859	0.000	0.000	0.000
07/09/2022 10:54:22.8	237.000	0.937	0.825	0.771	0.903	0.850	0.000	0.000	0.000
07/09/2022 10:54:23.8	238.000	0.786	0.762	0.767	0.791	0.718	0.000	0.000	0.000
07/09/2022 10:54:24.8	239.000	0.835	0.962	0.718	0.757	0.791	0.000	0.000	0.000
07/09/2022 10:54:25.8	240.000	0.820	0.850	0.742	0.781	0.986	0.000	0.000	0.000
07/09/2022 10:54:26.8	241.000	0.806	0.840	0.820	0.713	0.776	0.000	0.000	0.000
07/09/2022 10:54:27.8	242.000	0.815	0.835	0.767	0.693	0.874	0.000	0.000	0.000
07/09/2022 10:54:28.8	243.000	0.840	0.820	0.732	0.762	0.811	0.000	0.000	0.000
07/09/2022 10:54:29.8	244.000	0.937	0.825	0.728	0.806	0.835	0.000	0.000	0.000
07/09/2022 10:54:30.8	245.000	0.869	0.732	0.781	0.762	0.796	0.000	0.000	0.000
07/09/2022 10:54:31.8	246.000	0.845	0.977	0.811	0.757	0.850	0.000	0.000	0.000
07/09/2022 10:54:32.8	247.000	0.820	0.806	0.776	0.635	0.776	0.000	0.000	0.000
07/09/2022 10:54:33.8	248.000	0.825	0.825	0.771	0.762	0.776	0.000	0.000	0.000
07/09/2022 10:54:34.8	249.000	0.698	0.864	0.742	0.586	0.859	0.000	0.000	0.000
07/09/2022 10:54:35.8	250.000	0.859	0.859	0.732	0.767	0.713	0.000	0.000	0.000
07/09/2022 10:54:36.8	251.000	0.869	0.908	0.742	0.884	0.815	0.000	0.000	0.000
07/09/2022 10:54:37.8	252.000	0.806	0.840	0.703	0.762	0.688	0.000	0.000	0.000
07/09/2022 10:54:38.8	253.000	0.874	0.815	0.747	0.781	0.791	0.000	0.000	0.000
07/09/2022 10:54:39.8	254.000	0.781	0.879	0.737	0.937	0.874	0.000	0.000	0.000
07/09/2022 10:54:40.8	255.000	0.796	0.718	0.864	0.811	0.840	0.000	0.000	0.000
07/09/2022 10:54:41.8	256.000	0.801	0.913	0.732	0.786	0.796	0.000	0.000	0.000
07/09/2022 10:54:42.8	257.000	0.791	0.820	0.859	0.732	0.747	0.000	0.000	0.000
07/09/2022 10:54:43.8	258.000	0.815	0.845	0.757	0.737	0.835	0.000	0.000	0.000
07/09/2022 10:54:44.8	259.000	0.874	0.850	0.835	0.757	0.693	0.000	0.000	0.000
07/09/2022 10:54:45.8	260.000	0.752	0.957	0.771	0.781	0.796	0.000	0.000	0.000
07/09/2022 10:54:46.8	261.000	0.854	0.801	0.708	0.776	0.820	0.000	0.000	0.000
07/09/2022 10:54:47.8	262.000	0.850	0.786	0.742	0.791	0.791	0.000	0.000	0.000
07/09/2022 10:54:48.8	263.000	0.845	0.874	0.679	0.723	0.762	0.000	0.000	0.000
07/09/2022 10:54:49.8	264.000	0.845	0.752	0.767	0.718	0.850	0.000	0.000	0.000
07/09/2022 10:54:50.8	265.000	0.884	0.864	0.742	0.811	0.825	0.000	0.000	0.000
07/09/2022 10:54:51.8	266.000	0.854	0.845	0.942	0.747	0.820	0.000	0.000	0.000
07/09/2022 10:54:52.8	267.000	0.962	0.830	0.806	0.781	0.903	0.000	0.000	0.000
07/09/2022 10:54:53.8	268.000	0.703	0.894	0.767	0.781	0.698	0.000	0.000	0.000
07/09/2022 10:54:54.8	269.000	0.835	0.859	0.723	0.791	0.776	0.000	0.000	0.000
07/09/2022 10:54:55.8	270.000	0.835	0.835	0.894	0.776	0.913	0.000	0.000	0.000
07/09/2022 10:54:56.8	271.000	0.869	0.884	0.776	0.713	0.806	0.000	0.000	0.000
07/09/2022 10:54:57.8	272.000	0.796	0.835	0.693	0.747	0.840	0.000	0.000	0.000
07/09/2022 10:54:58.8	273.000	0.791	0.879	0.898	0.688	0.776	0.000	0.000	0.000
07/09/2022 10:54:59.8	274.000	0.825	0.815	0.757	0.767	0.825	0.000	0.000	0.000
07/09/2022 10:55:00.8	275.000	0.786	0.820	0.708	0.723	0.879	0.000	0.000	0.000
07/09/2022 10:55:01.8	276.000	0.796	0.884	0.811	0.791	0.854	0.000	0.000	0.000
07/09/2022 10:55:02.8	277.000	0.952	0.840	0.654	0.693	0.684	0.000	0.000	0.000
07/09/2022 10:55:03.8	278.000	0.854	0.786	0.742	0.752	0.840	0.000	0.000	0.000
07/09/2022 10:55:04.8	279.000	0.825	0.830	0.747	0.801	0.767	0.000	0.000	0.000
07/09/2022 10:55:05.8	280.000	0.825	0.840	0.786	0.781	0.796	0.000	0.000	0.000
07/09/2022 10:55:06.8	281.000	0.854	0.850	0.742	0.781	0.820	0.000	0.000	0.000
07/09/2022 10:55:07.8	282.000	0.923	0.835	0.884	0.757	0.679	0.000	0.000	0.000
07/09/2022 10:55:08.8	283.000	0.791	0.811	0.737	0.801	0.820	0.000	0.000	0.000
07/09/2022 10:55:09.8	284.000	0.889	0.884	0.752	0.713	0.840	0.000	0.000	0.000
07/09/2022 10:55:10.8	285.000	0.859	0.835	0.796	0.854	0.796	0.000	0.000	0.000
07/09/2022 10:55:11.8	286.000	0.864	0.845	0.659	0.796	0.859	0.000	0.000	0.000
07/09/2022 10:55:12.8	287.000	0.820	0.811	0.791	0.732	0.801	0.000	0.000	0.000
07/09/2022 10:55:13.8	288.000	0.840	0.757	0.757	0.786	0.688	0.000	0.000	0.000
07/09/2022 10:55:14.8	289.000	0.815	0.942	0.679	0.781	0.786	0.000	0.000	0.000
07/09/2022 10:55:15.8	290.000	0.806	0.835	0.742	0.718	0.791	0.000	0.000	0.000
07/09/2022 10:55:16.8	291.000	0.815	0.859	0.762	0.771	0.830	0.000	0.000	0.000
07/09/2022 10:55:17.8	292.000	0.811	0.864	0.923	0.601	0.869	0.000	0.000	0.000
07/09/2022 10:55:18.8	293.000	0.815	0.801	0.776	0.791	0.771	0.000	0.000	0.000
07/09/2022 10:55:19.8	294.000	0.791	0.820	0.718	0.737	0.835	0.000	0.000	0.000
07/09/2022 10:55:20.8	295.000	0.825	0.811	0.742	0.786	0.801	0.000	0.000	0.000
07/09/2022 10:55:21.8	296.000	0.830	1.006	0.757	0.620	0.811	0.000	0.000	0.000
07/09/2022 10:55:22.8	297.000	0.815	0.801	0.767	0.825	0.845	0.000	0.000	0.000
07/09/2022 10:55:23.8	298.000	0.850	0.898	0.752	0.752	0.786	0.000	0.000	0.000
07/09/2022 10:55:24.8	299.000	0.791	0.771	0.767	0.796	0.815	0.000	0.000	0.000
07/09/2022 10:55:25.8	300.000	0.894	0.962	0.811	0.752	0.767	0.000	0.000	0.000
07/09/2022 10:55:26.8	301.000	0.786	0.776	0.742	0.757	0.806	0.000	0.000	0.000
07/09/2022 10:55:27.8	302.000	0.845	0.752	0.781	0.669	0.776	0.000	0.000	0.000
07/09/2022 10:55:28.8	303.000	0.859	0.801	0.723	0.708	0.952	0.000	0.000	0.000
07/09/2022 10:55:29.8	304.000	0.796	0.884	0.879	0.776	0.820	0.000	0.000	0.000
07/09/2022 10:55:30.8	305.000	0.806	0.835	0.767	0.942	0.801	0.000	0.000	0.000
07/09/2022 10:55:31.8	306.000	0.864	0.679	0.693	0.791	0.791	0.000	0.000	0.000
07/09/2022 10:55:32.8	307.000	0.840	0.903	0.786	0.767	0.688	0.000	0.000	0.000
07/09/2022 10:55:33.8	308.000	0.864	0.884	0.771	0.762	0.840	0.000	0.000	0.000
07/09/2022 10:55:34.8	309.000	0.869	0.840	0.757	0.752	0.806	0.000	0.000	0.000
07/09/2022 10:55:35.8	310.000	0.806	0.898	0.762	0.781	0.820	0.000	0.000	0.000
07/09/2022 10:55:36.8	311.000	0.786	0.840	0.762	0.752	0.708	0.000	0.000	0.000
07/09/2022 10:55:37.8	312.000	0.806	0.850	0.796	0.815	0.654	0.000	0.000	0.000
07/09/2022 10:55:38.8	313.000	0.850	0.850	0.825	0.752	0.791	0.000	0.000	0.000
07/09/2022 10:55:39.8	314.000	0.854	0.684	0.781	0.796	0.898	0.000	0.000	0.000
07/09/2022 10:55:40.8	315.000	0.962	1.021	0.742	0.732	0.825	0.000	0.000	0.000
07/09/2022 10:55:41.8	316.000	0.815	0.830	0.933	0.767	0.903	0.000	0.000	0.000
07/09/2022 10:55:42.8	317.000	0.811	0.815	0.771	0.767	0.845	0.000	0.000	0.000
07/09/2022 10:55:43.8	318.000	0.791	0.835	0.786	0.576	0.854	0.000	0.000	0.000
07/09/2022 10:55:44.8	319.000	0.825	0.850	0.723	0.811	0.664	0.000	0.000	0.000
07/09/2022 10:55:45.8	320.000	0.830	0.864	0.703	0.732	0.835	0.000	0.000	0.000
07/09/2022 10:55:46.8	321.000	0.815	0.854	0.708	0.796	0.796	0.000	0.000	0.000
07/09/2022 10:55:47.8	322.000	0.820	0.801	0.742	0.771	0.796	0.000	0.000	0.000
07/09/2022 10:55:48.8	323.000	0.835	0.859	0.747	0.698	0.859	0.000	0.000	0.000
07/09/2022 10:55:49.8	324.000	0.771	0.854	0.762	0.781	0.791	0.000	0.000	0.000
07/09/2022 10:55:50.8	325.000	0.801	0.703	0.791	0.796	0.752	0.000	0.000	0.000
07/09/2022 10:55:51.8	326.000	0.786	0.850	0.757	0.747	0.840	0.000	0.000	0.000
07/09/2022 10:55:52.8	327.000	0.840	0.830	0.757	0.625	0.771	0.000	0.000	0.000
07/09/2022 10:55:53.8	328.000	0.835	1.040	0.747	0.757	0.791	0.000	0.000	0.000
07/09/2022 10:55:54.8	329.000	0.859	0.937	0.781	0.742	0.771	0.000	0.000	0.000
07/09/2022 10:55:55.8	330.000	0.801	0.830	0.762	0.732	0.850	0.000	0.000	0.000
07/09/2022 10:55:56.8	331.000	0.815	0.820	0.762	0.747	0.767	0.000	0.000	0.000
07/09/2022 10:55:57.8	332.000	0.791	0.811	0.811	0.767	0.864	0.000	0.000	0.000
07/09/2022 10:55:58.8	333.000	0.879	0.825	0.801	0.776	0.806	0.000	0.000	0.000
07/09/2022 10:55:59.8	334.000	0.996	0.854	0.796	0.806	0.835	0.000	0.000	0.000
07/09/2022 10:56:00.8	335.000	0.845	0.806	0.776	0.737	0.825	0.000	0.000	0.000
07/09/2022 10:56:01.8	336.000	0.840	0.947	0.713	0.825	0.859	0.000	0.000	0.000
07/09/2022 10:56:02.8	337.000	0.806	0.820	0.771	0.801	0.884	0.000	0.000	0.000
07/09/2022 10:56:03.8	338.000	0.903	0.884	0.757	0.679	0.933	0.000	0.000	0.000
07/09/2022 10:56:04.8	339.000	0.850	0.815	0.698	0.718	0.796	0.000	0.000	0.000
07/09/2022 10:56:05.8	340.000	0.806	0.840	0.757	0.747	0.840	0.000	0.000	0.000
07/09/2022 10:56:06.8	341.000	0.864	0.835	0.688	0.786	0.850	0.000	0.000	0.000
07/09/2022 10:56:07.8	342.000	0.776	0.811	0.649	0.908	0.693	0.000	0.000	0.000
07/09/2022 10:56:08.8	343.000	0.859	0.830	0.752	0.767	0.801	0.000	0.000	0.000
07/09/2022 10:56:09.8	344.000	0.806	0.894	0.791	0.771	0.854	0.000	0.000	0.000
07/09/2022 10:56:10.8	345.000	0.854	0.811	0.693	0.713	0.703	0.000	0.000	0.000
07/09/2022 10:56:11.8	346.000	0.728	0.977	0.747	0.737	0.835	0.000	0.000	0.000
07/09/2022 10:56:12.8	347.000	0.757	0.889	0.767	0.781	0.757	0.000	0.000	0.000
07/09/2022 10:56:13.8	348.000	0.825	0.840	0.752	0.771	0.825	0.000	0.000	0.000
07/09/2022 10:56:14.8	349.000	0.830	0.820	0.757	0.767	0.815	0.000	0.000	0.000
07/09/2022 10:56:15.8	350.000	0.923	0.830	0.776	0.752	0.806	0.000	0.000	0.000
07/09/2022 10:56:16.8	351.000	0.835	0.762	0.879	0.781	0.767	0.000	0.000	0.000
07/09/2022 10:56:17.8	352.000	0.835	0.825	0.693	0.796	0.830	0.000	0.000	0.000
07/09/2022 10:56:18.8	353.000	0.845	0.771	0.742	0.752	0.840	0.000	0.000	0.000
07/09/2022 10:56:19.8	354.000	0.854	0.830	0.728	0.781	0.801	0.000	0.000	0.000
07/09/2022 10:56:20.8	355.000	0.835	0.840	0.786	0.762	0.874	0.000	0.000	0.000
07/09/2022 10:56:21.8	356.000	0.947	0.859	0.679	0.757	0.786	0.000	0.000	0.000
07/09/2022 10:56:22.8	357.000	0.825	0.845	0.767	0.698	0.801	0.000	0.000	0.000
07/09/2022 10:56:23.8	358.000	0.854	0.942	0.781	0.952	0.830	0.000	0.000	0.000
07/09/2022 10:56:24.8	359.000	0.801	0.811	0.737	0.767	0.762	0.000	0.000	0.000
07/09/2022 10:56:25.8	360.000	0.742	0.767	0.728	0.786	0.781	0.000	0.000	0.000
07/09/2022 10:56:26.8	361.000	0.806	0.845	0.732	0.796	0.757	0.000	0.000	0.000
07/09/2022 10:56:27.8	362.000	0.835	0.937	0.728	0.728	0.786	0.000	0.000	0.000
07/09/2022 10:56:28.8	363.000	0.879	0.898	0.723	0.752	0.688	0.000	0.000	0.000
07/09/2022 10:56:29.8	364.000	0.825	0.854	0.767	0.791	0.937	0.000	0.000	0.000
07/09/2022 10:56:30.8	365.000	0.776	0.771	0.737	0.776	0.850	0.000	0.000	0.000
07/09/2022 10:56:31.8	366.000	0.869	0.889	0.747	0.771	0.718	0.000	0.000	0.000
07/09/2022 10:56:32.8	367.000	0.786	0.825	0.728	0.771	0.791	0.000	0.000	0.000
07/09/2022 10:56:33.8	368.000	0.869	0.864	0.757	0.649	0.908	0.000	0.000	0.000
07/09/2022 10:56:34.8	369.000	0.835	0.850	0.776	0.718	0.801	0.000	0.000	0.000
07/09/2022 10:56:35.8	370.000	0.806	0.806	0.723	0.742	0.815	0.000	0.000	0.000
07/09/2022 10:56:36.8	371.000	0.859	0.864	0.703	0.762	0.771	0.000	0.000	0.000
07/09/2022 10:56:37.8	372.000	0.708	0.776	0.747	0.771	0.811	0.000	0.000	0.000
07/09/2022 10:56:38.8	373.000	0.796	0.845	0.752	0.762	0.752	0.000	0.000	0.000
07/09/2022 10:56:39.8	374.000	0.752	0.845	0.737	0.762	0.859	0.000	0.000	0.000
07/09/2022 10:56:40.8	375.000	0.791	0.850	0.752	0.791	0.679	0.000	0.000	0.000
07/09/2022 10:56:41.8	376.000	0.830	0.815	0.703	0.952	0.723	0.000	0.000	0.000
07/09/2022 10:56:42.8	377.000	0.923	0.830	0.762	0.796	0.801	0.000	0.000	0.000
07/09/2022 10:56:43.8	378.000	0.664	0.820	0.728	0.791	0.806	0.000	0.000	0.000
07/09/2022 10:56:44.8	379.000	0.801	0.791	0.767	0.786	0.742	0.000	0.000	0.000
07/09/2022 10:56:45.8	380.000	0.781	0.952	0.771	0.791	0.791	0.000	0.000	0.000
07/09/2022 10:56:46.8	381.000	0.820	0.815	0.742	0.781	0.801	0.000	0.000	0.000
07/09/2022 10:56:47.8	382.000	0.781	0.811	0.737	0.762	0.767	0.000	0.000	0.000
07/09/2022 10:56:48.8	383.000	0.850	0.840	0.757	0.771	0.815	0.000	0.000	0.000
07/09/2022 10:56:49.8	384.000	0.947	0.815	0.806	0.771	0.884	0.000	0.000	0.000
07/09/2022 10:56:50.8	385.000	0.820	0.835	0.728	0.781	0.679	0.000	0.000	0.000
07/09/2022 10:56:51.8	386.000	0.850	0.830	0.718	0.762	0.796	0.000	0.000	0.000
07/09/2022 10:56:52.8	387.000	0.801	0.923	0.801	0.796	0.752	0.000	0.000	0.000
07/09/2022 10:56:53.8	388.000	0.776	0.845	0.752	0.742	0.801	0.000	0.000	0.000
07/09/2022 10:56:54.8	389.000	0.825	0.806	0.806	0.742	0.776	0.000	0.000	0.000
07/09/2022 10:56:55.8	390.000	0.767	0.811	0.864	0.806	0.791	0.000	0.000	0.000
07/09/2022 10:56:56.8	391.000	0.864	0.889	0.786	0.620	0.796	0.000	0.000	0.000
07/09/2022 10:56:57.8	392.000	0.825	0.825	0.688	0.786	0.747	0.000	0.000	0.000
07/09/2022 10:56:58.8	393.000	0.840	0.859	0.796	0.640	0.918	0.000	0.000	0.000
07/09/2022 10:56:59.8	394.000	0.786	0.698	0.786	0.762	0.767	0.000	0.000	0.000
07/09/2022 10:57:00.8	395.000	0.903	0.815	0.767	0.752	0.776	0.000	0.000	0.000
07/09/2022 10:57:01.8	396.000	0.928	0.840	0.781	0.781	0.835	0.000	0.000	0.000
07/09/2022 10:57:02.8	397.000	0.957	0.693	0.781	0.757	0.723	0.000	0.000	0.000
07/09/2022 10:57:03.8	398.000	0.815	0.859	0.713	0.801	0.835	0.000	0.000	0.000
07/09/2022 10:57:04.8	399.000	0.889	0.815	0.649	0.781	0.820	0.000	0.000	0.000
07/09/2022 10:57:05.8	400.000	0.845	0.806	0.723	0.947	0.830	0.000	0.000	0.000
07/09/2022 10:57:06.8	401.000	0.840	0.830	0.728	0.737	0.811	0.000	0.000	0.000
07/09/2022 10:57:07.8	402.000	0.713	0.796	0.791	0.806	0.879	0.000	0.000	0.000
07/09/2022 10:57:08.8	403.000	0.801	0.830	0.605	0.718	0.723	0.000	0.000	0.000
07/09/2022 10:57:09.8	404.000	0.815	1.025	0.786	0.747	0.796	0.000	0.000	0.000
07/09/2022 10:57:10.8	405.000	0.908	0.879	0.747	0.806	0.796	0.000	0.000	0.000
07/09/2022 10:57:11.8	406.000	0.801	0.850	0.864	0.752	0.835	0.000	0.000	0.000
07/09/2022 10:57:12.8	407.000	0.801	0.786	0.698	0.732	0.762	0.000	0.000	0.000
